image: cit19hallway.pgm
resolution: 0.1
origin: [-22.814714431762695, -9.00348949432373, 0.0]
occupied_thresh: 0.65
free_thresh: 0.2
negate: 0
